-10 10
-7.5 10
-5 10
-2.5 10
0 10
2.5 10
5 10
7.5 10
10 10
-10 12.5
-7.5 12.5
-5 12.5
-2.5 12.5
0 12.5
2.5 12.5
5 12.5
7.5 12.5
10 12.5
-10 15
-7.5 15
-5 15
-2.5 15
0 15
2.5 15
5 15
7.5 15
10 15
-10 17.5
-7.5 17.5
-5 17.5
-2.5 17.5
0 17.5
2.5 17.5
5 17.5
7.5 17.5
10 17.5
-10 20
-7.5 20
-5 20
-2.5 20
0 20
2.5 20
5 20
7.5 20
10 20
-10 22.5
-7.5 22.5
-5 22.5
-2.5 22.5
0 22.5
2.5 22.5
5 22.5
7.5 22.5
10 22.5
-10 25
-7.5 25
-5 25
-2.5 25
0 25
2.5 25
5 25
7.5 25
10 25
-10 27.5
-7.5 27.5
-5 27.5
-2.5 27.5
0 27.5
2.5 27.5
5 27.5
7.5 27.5
10 27.5
-10 30
-7.5 30
-5 30
-2.5 30
0 30
2.5 30
5 30
7.5 30
10 30
