65 699 389 688
76 753 427 654
84 795 460 611
87 819 481 558
88 826 489 500
87 819 481 442
84 795 460 389
76 753 427 346
65 699 389 312
67 660 365 661
63 688 383 629
62 712 399 591
70 740 420 547
73 749 426 500
70 740 420 453
62 712 399 409
63 688 383 371
67 660 365 339
75 625 342 640
68 646 357 611
67 666 370 577
67 681 380 539
61 676 378 500
67 681 380 461
67 666 370 423
68 646 357 389
75 625 342 360
74 570 308 624
66 585 320 597
64 604 332 566
66 620 342 534
71 633 350 500
66 620 342 466
64 604 332 434
66 585 320 403
74 570 308 376
115 578 305 611
97 576 308 586
89 584 316 558
66 556 303 530
76 578 315 500
66 556 303 470
89 584 316 442
97 576 308 414
115 578 305 389
117 512 262 600
132 568 294 577
119 566 297 552
117 575 304 526
96 543 288 500
117 575 304 474
119 566 297 448
132 568 294 423
117 512 262 400
196 576 279 591
165 550 273 570
145 536 270 547
143 545 277 524
154 567 288 500
143 545 277 476
145 536 270 453
165 550 273 430
196 576 279 409
222 536 243 583
223 567 264 564
204 555 263 543
200 559 267 522
208 576 277 500
200 559 267 478
204 555 263 457
223 567 264 436
222 536 243 417
293 557 231 577
262 536 229 558
239 519 226 539
238 530 234 520
251 556 247 500
238 530 234 480
239 519 226 461
262 536 229 442
293 557 231 423
